0.500003 0.479847 0.904701 0.609900 0.627252 0.958363 0.796776 0.570456 0.000011
0.500006 0.479794 0.904703 0.609900 0.636805 1.057326 0.788049 0.564212 0.000022
0.500011 0.479739 0.904708 0.609900 0.646357 1.156288 0.779318 0.557969 0.000034
0.500018 0.479683 0.904716 0.609900 0.655910 1.255250 0.770585 0.551725 0.000045
0.500025 0.479626 0.904726 0.609899 0.665462 1.354212 0.761848 0.545481 0.000057
0.500034 0.479567 0.904738 0.609899 0.675014 1.453173 0.753108 0.539238 0.000069
0.500044 0.479507 0.904753 0.609899 0.684566 1.552134 0.744365 0.532994 0.000082
0.500056 0.479445 0.904771 0.609899 0.694119 1.651095 0.735619 0.526750 0.000095
0.500069 0.479382 0.904791 0.609899 0.703671 1.750056 0.726869 0.520507 0.000108
0.500083 0.479318 0.904815 0.609899 0.713223 1.849016 0.718116 0.514263 0.000121
0.500099 0.479252 0.904841 0.609899 0.722775 1.947977 0.709361 0.508019 0.000135
0.500117 0.479184 0.904871 0.609898 0.732327 2.046936 0.700601 0.501776 0.000149
0.500137 0.479115 0.904903 0.609898 0.741880 2.145896 0.691839 0.495532 0.000164
0.500158 0.479044 0.904939 0.609898 0.751432 2.244855 0.683074 0.489289 0.000179
0.500181 0.478971 0.904979 0.609898 0.760984 2.343814 0.674305 0.483045 0.000194
0.500206 0.478897 0.905022 0.609898 0.770536 2.442773 0.665533 0.476802 0.000209
0.500233 0.478820 0.905069 0.609898 0.780088 2.541731 0.656758 0.470558 0.000226
0.500262 0.478741 0.905120 0.609897 0.789640 2.640689 0.647980 0.464315 0.000242
0.500293 0.478660 0.905175 0.609897 0.799192 2.739647 0.639199 0.458071 0.000259
0.500326 0.478577 0.905234 0.609897 0.808744 2.838605 0.630414 0.451828 0.000276
0.500362 0.478492 0.905298 0.609897 0.818295 2.937562 0.621626 0.445584 0.000294
0.500400 0.478404 0.905366 0.609897 0.827847 3.036519 0.612835 0.439341 0.000313
0.500440 0.478314 0.905439 0.609896 0.837399 3.135476 0.604041 0.433098 0.000331
0.500484 0.478221 0.905518 0.609896 0.846951 3.234432 0.595244 0.426854 0.000351
0.500530 0.478126 0.905601 0.609896 0.856503 3.333388 0.586443 0.420611 0.000371
0.500579 0.478027 0.905690 0.609896 0.866054 3.432344 0.577640 0.414367 0.000392
0.500630 0.477926 0.905784 0.609895 0.875606 3.531300 0.568833 0.408124 0.000413
0.500685 0.477821 0.905885 0.609895 0.885158 3.630255 0.560023 0.401881 0.000435
0.500744 0.477714 0.905992 0.609895 0.894710 3.729210 0.551210 0.395638 0.000457
0.500806 0.477603 0.906106 0.609895 0.904261 3.828165 0.542393 0.389394 0.000481
0.500871 0.477488 0.906226 0.609894 0.913813 3.927119 0.533574 0.383151 0.000505
0.500940 0.477370 0.906354 0.609894 0.923364 4.026073 0.524751 0.376908 0.000530
0.501013 0.477247 0.906489 0.609894 0.932916 4.125027 0.515925 0.370665 0.000556
0.501091 0.477121 0.906632 0.609894 0.942467 4.223980 0.507096 0.364421 0.000582
0.501172 0.476990 0.906784 0.609893 0.952019 4.322934 0.498263 0.358178 0.000610
0.501259 0.476855 0.906945 0.609893 0.961570 4.421887 0.489428 0.351935 0.000638
0.501350 0.476714 0.907115 0.609893 0.971122 4.520839 0.480589 0.345692 0.000668
0.501447 0.476569 0.907295 0.609892 0.980673 4.619791 0.471747 0.339449 0.000698
0.501549 0.476419 0.907485 0.609892 0.990225 4.718743 0.462902 0.333206 0.000730
0.501657 0.476262 0.907687 0.609892 0.999776 4.817695 0.454054 0.326963 0.000763
0.501770 0.476100 0.907900 0.609891 1.009327 4.916646 0.445203 0.320720 0.000798
0.501891 0.475932 0.908125 0.609891 1.018879 5.015597 0.436348 0.314477 0.000833
0.502018 0.475756 0.908364 0.609891 1.028430 5.114548 0.427491 0.308234 0.000870
0.502153 0.475574 0.908616 0.609890 1.037981 5.213498 0.418630 0.301991 0.000909
0.502295 0.475384 0.908883 0.609890 1.047532 5.312448 0.409766 0.295748 0.000949
0.502445 0.475186 0.909166 0.609889 1.057083 5.411398 0.400898 0.289505 0.000991
0.502605 0.474980 0.909466 0.609889 1.066635 5.510347 0.392028 0.283262 0.001035
0.502773 0.474765 0.909784 0.609888 1.076186 5.609296 0.383155 0.277019 0.001081
0.502952 0.474540 0.910121 0.609888 1.085737 5.708245 0.374278 0.270776 0.001129
0.503141 0.474305 0.910478 0.609887 1.095288 5.807193 0.365398 0.264533 0.001179
0.503341 0.474060 0.910858 0.609887 1.104839 5.906140 0.356515 0.258290 0.001231
0.503554 0.473803 0.911261 0.609886 1.114390 6.005088 0.347629 0.252046 0.001286
0.503779 0.473534 0.911690 0.609886 1.123940 6.104035 0.338740 0.245803 0.001344
0.504018 0.473253 0.912146 0.609885 1.133491 6.202981 0.329847 0.239560 0.001405
0.504270 0.472960 0.912632 0.609884 1.143042 6.301927 0.320952 0.233316 0.001470
0.504537 0.472654 0.913149 0.609884 1.152593 6.400872 0.312053 0.227072 0.001537
0.504818 0.472337 0.913702 0.609883 1.162143 6.499817 0.303151 0.220827 0.001609
0.505113 0.472010 0.914292 0.609882 1.171694 6.598761 0.294246 0.214580 0.001685
0.505420 0.471678 0.914924 0.609882 1.181245 6.697704 0.285338 0.208333 0.001765
0.505734 0.471345 0.915600 0.609881 1.190795 6.796647 0.276427 0.202083 0.001850
0.506051 0.471023 0.916326 0.609880 1.200345 6.895589 0.267513 0.195830 0.001941
0.506358 0.470727 0.917106 0.609879 1.209896 6.994530 0.258595 0.189572 0.002037
0.506638 0.470483 0.917946 0.609878 1.219446 7.093470 0.249675 0.183307 0.002140
0.506867 0.470328 0.918851 0.609877 1.228996 7.192408 0.240752 0.177032 0.002251
0.507012 0.470317 0.919830 0.609876 1.238546 7.291345 0.231825 0.170741 0.002369
0.507032 0.470520 0.920890 0.609874 1.248096 7.390280 0.222896 0.164428 0.002496
0.506896 0.471023 0.922041 0.609873 1.257645 7.489210 0.213964 0.158079 0.002634
0.506597 0.471915 0.923294 0.609871 1.267194 7.588132 0.205029 0.151676 0.002782
0.506189 0.473274 0.924662 0.609869 1.276741 7.687042 0.196092 0.145194 0.002943
0.505814 0.475151 0.926160 0.609867 1.286286 7.785934 0.187154 0.138598 0.003119
0.505702 0.477567 0.927807 0.609865 1.295830 7.884802 0.178215 0.131846 0.003310
0.506123 0.480533 0.929623 0.609863 1.305370 7.983639 0.169276 0.124903 0.003521
0.507322 0.484065 0.931635 0.609861 1.314906 8.082433 0.160339 0.117750 0.003753
0.509454 0.488184 0.933874 0.609860 1.324437 8.181170 0.151404 0.110394 0.004009
0.512574 0.492913 0.936378 0.609858 1.333960 8.279836 0.142472 0.102873 0.004295
0.516656 0.498254 0.939195 0.609857 1.343476 8.378419 0.133546 0.095241 0.004615
0.521628 0.504192 0.942383 0.609856 1.352983 8.476913 0.124626 0.087564 0.004976
0.527403 0.510697 0.946019 0.609855 1.362482 8.575315 0.115711 0.079908 0.005387
0.533892 0.517732 0.950202 0.609855 1.371971 8.673622 0.106803 0.072336 0.005857
0.541019 0.525258 0.955059 0.609856 1.381450 8.771829 0.097902 0.064904 0.006401
0.548724 0.533241 0.960764 0.609857 1.390919 8.869926 0.089008 0.057659 0.007039
0.556960 0.541655 0.967553 0.609858 1.400376 8.967894 0.080125 0.050644 0.007795
0.565698 0.550482 0.975756 0.609861 1.409816 9.065695 0.071255 0.043895 0.008707
0.574924 0.559710 0.985853 0.609865 1.419233 9.163261 0.062406 0.037447 0.009827
0.584638 0.569337 0.998555 0.609871 1.428616 9.260466 0.053590 0.031332 0.011232
0.594852 0.579361 1.014957 0.609880 1.437940 9.357062 0.044830 0.025585 0.013045
0.605577 0.589774 1.036796 0.609893 1.447156 9.452538 0.036174 0.020251 0.015454
0.616789 0.600510 1.066847 0.609913 1.456156 9.545776 0.027727 0.015396 0.018765
0.628312 0.611348 1.109246 0.609944 1.464699 9.634281 0.019722 0.011133 0.023431
0.639584 0.621696 1.168422 0.609991 1.472310 9.713135 0.012609 0.007638 0.029940
0.649609 0.630617 1.244761 0.610058 1.478406 9.776291 0.006940 0.005060 0.038331
0.657724 0.637582 1.332714 0.610140 1.482840 9.822226 0.002849 0.003319 0.047997
0.664063 0.642825 1.426489 0.610233 1.485975 9.854703 -0.000012 0.002160 0.058300
0.669056 0.646809 1.522955 0.610335 1.488235 9.878120 -0.002046 0.001365 0.068899
0.673078 0.649913 1.620712 0.610442 1.489920 9.895570 -0.003536 0.000796 0.079638
0.676392 0.652391 1.719129 0.610555 1.491216 9.908998 -0.004659 0.000373 0.090449
0.679177 0.654416 1.817908 0.610672 1.492241 9.919620 -0.005527 0.000047 0.101300
0.681557 0.656101 1.916898 0.610794 1.493072 9.928222 -0.006210 -0.000210 0.112173
0.683620 0.657526 2.016016 0.610920 1.493757 9.935324 -0.006757 -0.000418 0.123061
0.685428 0.658748 2.115216 0.611050 1.494333 9.941285 -0.007200 -0.000590 0.133957
0.687030 0.659807 2.214471 0.611185 1.494822 9.946358 -0.007562 -0.000733 0.144860
0.688460 0.660734 2.313763 0.611323 1.495244 9.950726 -0.007860 -0.000855 0.155766
0.689746 0.661554 2.413081 0.611466 1.495611 9.954527 -0.008106 -0.000960 0.166675
0.690911 0.662283 2.512418 0.611612 1.495933 9.957864 -0.008310 -0.001050 0.177586
0.691971 0.662936 2.611768 0.611763 1.496218 9.960818 -0.008479 -0.001130 0.188499
0.692941 0.663525 2.711129 0.611918 1.496472 9.963450 -0.008619 -0.001200 0.199413
0.693833 0.664059 2.810498 0.612078 1.496700 9.965810 -0.008734 -0.001262 0.210327
0.694655 0.664545 2.909873 0.612241 1.496905 9.967939 -0.008828 -0.001318 0.221242
0.695417 0.664989 3.009252 0.612410 1.497091 9.969868 -0.008904 -0.001368 0.232158
0.696125 0.665397 3.108636 0.612583 1.497261 9.971625 -0.008965 -0.001413 0.243074
0.696784 0.665773 3.208022 0.612761 1.497416 9.973231 -0.009011 -0.001454 0.253991
0.697400 0.666120 3.307411 0.612944 1.497558 9.974706 -0.009046 -0.001491 0.264907
0.697977 0.666443 3.406801 0.613132 1.497690 9.976064 -0.009070 -0.001525 0.275824
0.698519 0.666742 3.506193 0.613325 1.497811 9.977319 -0.009084 -0.001557 0.286741
0.699029 0.667021 3.605587 0.613524 1.497923 9.978483 -0.009091 -0.001586 0.297658
0.699509 0.667283 3.704981 0.613728 1.498027 9.979564 -0.009089 -0.001612 0.308576
0.699963 0.667527 3.804377 0.613939 1.498125 9.980572 -0.009081 -0.001637 0.319493
0.700393 0.667757 3.903773 0.614155 1.498216 9.981514 -0.009068 -0.001660 0.330410
0.700800 0.667972 4.003170 0.614378 1.498301 9.982395 -0.009048 -0.001682 0.341328
0.701187 0.668176 4.102568 0.614608 1.498380 9.983222 -0.009024 -0.001702 0.352245
0.701554 0.668368 4.201966 0.614845 1.498456 9.983999 -0.008995 -0.001721 0.363163
0.701904 0.668550 4.301364 0.615089 1.498526 9.984731 -0.008962 -0.001738 0.374081
0.702237 0.668722 4.400763 0.615340 1.498593 9.985422 -0.008925 -0.001755 0.384998
0.702556 0.668885 4.500162 0.615599 1.498656 9.986075 -0.008885 -0.001771 0.395916
0.702860 0.669039 4.599562 0.615867 1.498715 9.986692 -0.008842 -0.001785 0.406834
0.703150 0.669187 4.698961 0.616143 1.498772 9.987278 -0.008795 -0.001799 0.417752
0.703429 0.669327 4.798361 0.616428 1.498826 9.987834 -0.008746 -0.001812 0.428669
0.703695 0.669461 4.897761 0.616722 1.498877 9.988362 -0.008695 -0.001825 0.439587
0.703951 0.669588 4.997161 0.617027 1.498925 9.988865 -0.008641 -0.001837 0.450505
0.704197 0.669710 5.096561 0.617341 1.498971 9.989343 -0.008585 -0.001848 0.461423
0.704433 0.669827 5.195961 0.617667 1.499015 9.989800 -0.008527 -0.001858 0.472341
0.704661 0.669938 5.295362 0.618004 1.499058 9.990237 -0.008467 -0.001869 0.483258
0.704879 0.670045 5.394762 0.618353 1.499098 9.990654 -0.008406 -0.001878 0.494176
0.705090 0.670148 5.494162 0.618715 1.499136 9.991053 -0.008342 -0.001888 0.505094
0.705293 0.670246 5.593563 0.619091 1.499173 9.991435 -0.008278 -0.001896 0.516012
0.705489 0.670341 5.692963 0.619480 1.499209 9.991801 -0.008211 -0.001905 0.526930
0.705678 0.670432 5.792364 0.619885 1.499243 9.992153 -0.008144 -0.001913 0.537848
0.705861 0.670520 5.891764 0.620305 1.499275 9.992490 -0.008075 -0.001921 0.548765
0.706038 0.670604 5.991165 0.620742 1.499306 9.992815 -0.008005 -0.001928 0.559683
0.706209 0.670685 6.090565 0.621197 1.499337 9.993127 -0.007934 -0.001935 0.570601
0.706374 0.670764 6.189966 0.621670 1.499366 9.993427 -0.007862 -0.001942 0.581519
0.706534 0.670839 6.289366 0.622164 1.499393 9.993716 -0.007788 -0.001949 0.592437
0.706690 0.670912 6.388767 0.622679 1.499420 9.993995 -0.007714 -0.001955 0.603354
0.706840 0.670983 6.488167 0.623217 1.499446 9.994264 -0.007639 -0.001961 0.614272
0.706986 0.671051 6.587567 0.623779 1.499471 9.994523 -0.007563 -0.001967 0.625190
0.707128 0.671117 6.686967 0.624367 1.499496 9.994774 -0.007487 -0.001972 0.636108
0.707265 0.671181 6.786367 0.624983 1.499519 9.995016 -0.007409 -0.001978 0.647026
0.707399 0.671243 6.885767 0.625628 1.499542 9.995250 -0.007331 -0.001983 0.657943
0.707529 0.671303 6.985166 0.626306 1.499563 9.995477 -0.007252 -0.001988 0.668861
0.707655 0.671361 7.084565 0.627018 1.499585 9.995696 -0.007172 -0.001993 0.679779
0.707778 0.671417 7.183964 0.627767 1.499605 9.995909 -0.007092 -0.001998 0.690696
0.707897 0.671472 7.283363 0.628556 1.499625 9.996114 -0.007011 -0.002002 0.701614
0.708014 0.671525 7.382762 0.629388 1.499644 9.996314 -0.006930 -0.002007 0.712532
0.708127 0.671577 7.482160 0.630268 1.499663 9.996507 -0.006848 -0.002011 0.723449
0.708238 0.671627 7.581557 0.631198 1.499681 9.996695 -0.006766 -0.002015 0.734367
0.708345 0.671675 7.680954 0.632184 1.499699 9.996877 -0.006683 -0.002019 0.745284
0.708451 0.671723 7.780351 0.633231 1.499716 9.997054 -0.006599 -0.002023 0.756201
0.708553 0.671769 7.879747 0.634345 1.499732 9.997226 -0.006515 -0.002027 0.767119
0.708653 0.671814 7.979142 0.635531 1.499748 9.997393 -0.006431 -0.002030 0.778036
0.708751 0.671858 8.078536 0.636798 1.499764 9.997556 -0.006346 -0.002034 0.788953
0.708847 0.671900 8.177929 0.638154 1.499779 9.997714 -0.006261 -0.002037 0.799870
0.708940 0.671942 8.277320 0.639609 1.499794 9.997867 -0.006176 -0.002040 0.810787
0.709032 0.671983 8.376710 0.641173 1.499809 9.998017 -0.006090 -0.002044 0.821703
0.709121 0.672022 8.476098 0.642861 1.499823 9.998163 -0.006003 -0.002047 0.832620
0.709209 0.672061 8.575483 0.644686 1.499836 9.998305 -0.005917 -0.002050 0.843536
0.709295 0.672098 8.674866 0.646666 1.499850 9.998443 -0.005830 -0.002052 0.854452
0.709379 0.672135 8.774245 0.648823 1.499863 9.998578 -0.005743 -0.002055 0.865367
0.709462 0.672171 8.873619 0.651180 1.499875 9.998710 -0.005655 -0.002058 0.876282
0.709543 0.672207 8.972988 0.653767 1.499888 9.998838 -0.005567 -0.002061 0.887197
0.709623 0.672241 9.072350 0.656620 1.499900 9.998963 -0.005479 -0.002063 0.898110
0.709701 0.672275 9.171702 0.659780 1.499912 9.999085 -0.005391 -0.002065 0.909023
0.709779 0.672308 9.271043 0.663301 1.499923 9.999205 -0.005302 -0.002068 0.919934
0.709855 0.672341 9.370368 0.667248 1.499934 9.999321 -0.005213 -0.002070 0.930843
0.709931 0.672373 9.469672 0.671704 1.499945 9.999435 -0.005124 -0.002072 0.941751
0.710006 0.672404 9.568946 0.676772 1.499956 9.999546 -0.005035 -0.002074 0.952655
0.710080 0.672435 9.668181 0.682587 1.499967 9.999654 -0.004946 -0.002076 0.963554
0.710154 0.672466 9.767358 0.689326 1.499977 9.999760 -0.004856 -0.002077 0.974447
0.710228 0.672496 9.866452 0.697228 1.499987 9.999864 -0.004766 -0.002079 0.985332
0.710303 0.672526 9.965418 0.706616 1.499997 9.999965 -0.004676 -0.002080 0.996202

